3562
1000 1001 0
1001 1000 1
1000 1846 0
1846 1000 1
1001 1002 0
1002 1001 1
1001 1070 0
1070 1001 1
1001 1080 0
1080 1001 1
1002 1003 0
1003 1002 1
1002 1045 0
1045 1002 1
1002 1051 0
1051 1002 1
1003 1004 0
1004 1003 1
1003 1040 0
1040 1003 1
1004 1005 0
1005 1004 1
1004 1019 0
1019 1004 1
1004 1020 0
1020 1004 1
1004 1032 0
1032 1004 1
1004 1034 0
1034 1004 1
1005 1006 0
1006 1005 1
1005 1012 0
1012 1005 1
1005 1018 0
1018 1005 1
1006 1007 0
1007 1006 1
1006 1008 0
1008 1006 1
1007 733 0
733 1007 1
1008 1009 0
1009 1008 1
1008 1010 0
1010 1008 1
1008 1011 0
1011 1008 1
1009 805 0
805 1009 1
1009 872 0
872 1009 1
1010 974 0
974 1010 1
1011 767 0
767 1011 1
1012 1013 0
1013 1012 1
1013 1014 0
1014 1013 1
1014 1015 0
1015 1014 1
1014 1016 0
1016 1014 1
1015 812 0
812 1015 1
1016 952 0
952 1016 1
1016 1017 0
1017 1016 1
1017 998 0
998 1017 1
1018 863 0
863 1018 1
1019 802 0
802 1019 1
1020 1021 0
1021 1020 1
1020 1027 0
1027 1020 1
1021 805 0
805 1021 1
1021 899 0
899 1021 1
1021 947 0
947 1021 1
1021 1022 0
1022 1021 1
1021 1023 0
1023 1021 1
1021 1024 0
1024 1021 1
1022 770 0
770 1022 1
1023 843 0
843 1023 1
1024 1025 0
1025 1024 1
1025 884 0
884 1025 1
1025 1026 0
1026 1025 1
1026 992 0
992 1026 1
1027 1028 0
1028 1027 1
1027 1029 0
1029 1027 1
1028 753 0
753 1028 1
1029 1030 0
1030 1029 1
1029 1031 0
1031 1029 1
1030 967 0
967 1030 1
1030 973 0
973 1030 1
1031 792 0
792 1031 1
1032 1033 0
1033 1032 1
1033 815 0
815 1033 1
1034 1035 0
1035 1034 1
1034 1036 0
1036 1034 1
1035 946 0
946 1035 1
1036 1037 0
1037 1036 1
1036 1038 0
1038 1036 1
1037 797 0
797 1037 1
1038 1039 0
1039 1038 1
1039 822 0
822 1039 1
1039 858 0
858 1039 1
1040 1041 0
1041 1040 1
1041 1042 0
1042 1041 1
1041 1043 0
1043 1041 1
1042 1036 0
1036 1042 1
1043 1044 0
1044 1043 1
1044 807 0
807 1044 1
1045 1046 0
1046 1045 1
1045 1049 0
1049 1045 1
1046 1047 0
1047 1046 1
1047 1048 0
1048 1047 1
1048 888 0
888 1048 1
1049 1050 0
1050 1049 1
1050 1034 0
1034 1050 1
1051 1052 0
1052 1051 1
1052 1053 0
1053 1052 1
1052 1054 0
1054 1052 1
1053 1008 0
1008 1053 1
1054 1055 0
1055 1054 1
1054 1060 0
1060 1054 1
1055 320 0
320 1055 1
1055 321 0
321 1055 1
1055 322 0
322 1055 1
1055 323 0
323 1055 1
1055 324 0
324 1055 1
1055 1056 0
1056 1055 1
1055 1058 0
1058 1055 1
1055 1059 0
1059 1055 1
1056 1057 0
1057 1056 1
1057 317 0
317 1057 1
1058 228 0
228 1058 1
1059 318 0
318 1059 1
1059 319 0
319 1059 1
1060 742 0
742 1060 1
1060 743 0
743 1060 1
1060 744 0
744 1060 1
1060 1061 0
1061 1060 1
1060 1064 0
1064 1060 1
1060 1065 0
1065 1060 1
1060 1067 0
1067 1060 1
1061 1007 0
1007 1061 1
1061 1062 0
1062 1061 1
1062 1063 0
1063 1062 1
1063 734 0
734 1063 1
1064 1007 0
1007 1064 1
1065 736 0
736 1065 1
1065 737 0
737 1065 1
1065 1066 0
1066 1065 1
1066 735 0
735 1066 1
1067 1068 0
1068 1067 1
1067 1069 0
1069 1067 1
1068 738 0
738 1068 1
1069 740 0
740 1069 1
1069 741 0
741 1069 1
1070 1040 0
1040 1070 1
1070 1071 0
1071 1070 1
1071 1072 0
1072 1071 1
1071 1075 0
1075 1071 1
1071 1077 0
1077 1071 1
1072 1073 0
1073 1072 1
1072 1074 0
1074 1072 1
1073 953 0
953 1073 1
1074 953 0
953 1074 1
1075 1076 0
1076 1075 1
1076 981 0
981 1076 1
1077 1078 0
1078 1077 1
1078 1079 0
1079 1078 1
1079 847 0
847 1079 1
1080 1081 0
1081 1080 1
1080 1090 0
1090 1080 1
1080 1094 0
1094 1080 1
1080 1844 0
1844 1080 1
1081 358 0
358 1081 1
1081 1082 0
1082 1081 1
1081 1083 0
1083 1081 1
1081 1088 0
1088 1081 1
1081 1089 0
1089 1081 1
1082 359 0
359 1082 1
1083 362 0
362 1083 1
1083 1084 0
1084 1083 1
1083 1085 0
1085 1083 1
1084 360 0
360 1084 1
1085 1086 0
1086 1085 1
1085 1087 0
1087 1085 1
1086 363 0
363 1086 1
1087 364 0
364 1087 1
1088 366 0
366 1088 1
1089 367 0
367 1089 1
1090 1091 0
1091 1090 1
1091 1092 0
1092 1091 1
1092 1093 0
1093 1092 1
1093 703 0
703 1093 1
1094 1095 0
1095 1094 1
1094 1107 0
1107 1094 1
1094 1387 0
1387 1094 1
1095 1096 0
1096 1095 1
1095 1098 0
1098 1095 1
1096 1097 0
1097 1096 1
1097 1086 0
1086 1097 1
1098 1099 0
1099 1098 1
1099 1100 0
1100 1099 1
1100 1101 0
1101 1100 1
1101 326 0
326 1101 1
1101 327 0
327 1101 1
1101 1055 0
1055 1101 1
1101 1102 0
1102 1101 1
1101 1106 0
1106 1101 1
1102 331 0
331 1102 1
1102 1103 0
1103 1102 1
1102 1104 0
1104 1102 1
1103 329 0
329 1103 1
1104 1105 0
1105 1104 1
1105 330 0
330 1105 1
1106 1056 0
1056 1106 1
1107 1108 0
1108 1107 1
1108 1071 0
1071 1108 1
1108 1109 0
1109 1108 1
1108 1116 0
1116 1108 1
1108 1118 0
1118 1108 1
1109 1110 0
1110 1109 1
1110 1111 0
1111 1110 1
1111 1112 0
1112 1111 1
1112 1113 0
1113 1112 1
1113 356 0
356 1113 1
1113 1114 0
1114 1113 1
1114 1115 0
1115 1114 1
1115 357 0
357 1115 1
1116 811 0
811 1116 1
1116 877 0
877 1116 1
1116 885 0
885 1116 1
1116 955 0
955 1116 1
1116 980 0
980 1116 1
1116 1117 0
1117 1116 1
1117 912 0
912 1117 1
1118 1119 0
1119 1118 1
1118 1156 0
1156 1118 1
1118 1194 0
1194 1118 1
1118 1200 0
1200 1118 1
1118 1201 0
1201 1118 1
1119 1120 0
1120 1119 1
1119 1147 0
1147 1119 1
1119 1151 0
1151 1119 1
1119 1152 0
1152 1119 1
1119 1155 0
1155 1119 1
1120 600 0
600 1120 1
1120 610 0
610 1120 1
1120 1121 0
1121 1120 1
1120 1124 0
1124 1120 1
1120 1130 0
1130 1120 1
1121 602 0
602 1121 1
1121 1122 0
1122 1121 1
1121 1123 0
1123 1121 1
1122 603 0
603 1122 1
1122 604 0
604 1122 1
1122 605 0
605 1122 1
1122 607 0
607 1122 1
1122 608 0
608 1122 1
1123 609 0
609 1123 1
1124 1125 0
1125 1124 1
1124 1126 0
1126 1124 1
1125 611 0
611 1125 1
1126 619 0
619 1126 1
1126 1127 0
1127 1126 1
1126 1128 0
1128 1126 1
1127 612 0
612 1127 1
1127 613 0
613 1127 1
1127 615 0
615 1127 1
1128 617 0
617 1128 1
1128 1129 0
1129 1128 1
1129 616 0
616 1129 1
1130 1131 0
1131 1130 1
1130 1134 0
1134 1130 1
1130 1135 0
1135 1130 1
1130 1136 0
1136 1130 1
1130 1137 0
1137 1130 1
1130 1138 0
1138 1130 1
1130 1139 0
1139 1130 1
1130 1140 0
1140 1130 1
1130 1141 0
1141 1130 1
1130 1142 0
1142 1130 1
1131 621 0
621 1131 1
1131 622 0
622 1131 1
1131 623 0
623 1131 1
1131 624 0
624 1131 1
1131 627 0
627 1131 1
1131 1132 0
1132 1131 1
1132 1133 0
1133 1132 1
1133 625 0
625 1133 1
1134 628 0
628 1134 1
1135 629 0
629 1135 1
1136 631 0
631 1136 1
1137 632 0
632 1137 1
1138 633 0
633 1138 1
1139 635 0
635 1139 1
1139 636 0
636 1139 1
1140 637 0
637 1140 1
1141 638 0
638 1141 1
1141 639 0
639 1141 1
1142 1143 0
1143 1142 1
1143 641 0
641 1143 1
1143 644 0
644 1143 1
1143 1144 0
1144 1143 1
1143 1145 0
1145 1143 1
1143 1146 0
1146 1143 1
1144 640 0
640 1144 1
1145 642 0
642 1145 1
1146 643 0
643 1146 1
1147 646 0
646 1147 1
1147 1148 0
1148 1147 1
1148 647 0
647 1148 1
1148 1149 0
1149 1148 1
1149 1150 0
1150 1149 1
1150 648 0
648 1150 1
1151 649 0
649 1151 1
1152 655 0
655 1152 1
1152 1153 0
1153 1152 1
1152 1154 0
1154 1152 1
1153 652 0
652 1153 1
1153 653 0
653 1153 1
1153 654 0
654 1153 1
1154 225 0
225 1154 1
1155 224 0
224 1155 1
1155 656 0
656 1155 1
1156 1157 0
1157 1156 1
1156 1158 0
1158 1156 1
1157 7 0
7 1157 1
1157 9 0
9 1157 1
1157 54 0
54 1157 1
1157 173 0
173 1157 1
1158 40 0
40 1158 1
1158 45 0
45 1158 1
1158 59 0
59 1158 1
1158 83 0
83 1158 1
1158 132 0
132 1158 1
1158 142 0
142 1158 1
1158 1159 0
1159 1158 1
1158 1178 0
1178 1158 1
1158 1179 0
1179 1158 1
1158 1180 0
1180 1158 1
1158 1181 0
1181 1158 1
1158 1190 0
1190 1158 1
1158 1191 0
1191 1158 1
1159 199 0
199 1159 1
1159 1160 0
1160 1159 1
1159 1167 0
1167 1159 1
1159 1173 0
1173 1159 1
1160 1161 0
1161 1160 1
1160 1162 0
1162 1160 1
1160 1163 0
1163 1160 1
1160 1166 0
1166 1160 1
1161 133 0
133 1161 1
1162 1 0
1 1162 1
1162 153 0
153 1162 1
1163 93 0
93 1163 1
1163 149 0
149 1163 1
1163 190 0
190 1163 1
1163 1164 0
1164 1163 1
1163 1165 0
1165 1163 1
1164 116 0
116 1164 1
1165 4 0
4 1165 1
1165 18 0
18 1165 1
1166 124 0
124 1166 1
1166 138 0
138 1166 1
1166 145 0
145 1166 1
1166 175 0
175 1166 1
1167 3 0
3 1167 1
1167 25 0
25 1167 1
1167 26 0
26 1167 1
1167 32 0
32 1167 1
1167 55 0
55 1167 1
1167 58 0
58 1167 1
1167 70 0
70 1167 1
1167 87 0
87 1167 1
1167 106 0
106 1167 1
1167 108 0
108 1167 1
1167 112 0
112 1167 1
1167 118 0
118 1167 1
1167 125 0
125 1167 1
1167 130 0
130 1167 1
1167 144 0
144 1167 1
1167 157 0
157 1167 1
1167 209 0
209 1167 1
1167 1168 0
1168 1167 1
1167 1169 0
1169 1167 1
1167 1171 0
1171 1167 1
1167 1172 0
1172 1167 1
1168 159 0
159 1168 1
1169 151 0
151 1169 1
1169 1170 0
1170 1169 1
1170 71 0
71 1170 1
1171 122 0
122 1171 1
1171 155 0
155 1171 1
1172 44 0
44 1172 1
1172 169 0
169 1172 1
1173 20 0
20 1173 1
1173 30 0
30 1173 1
1173 31 0
31 1173 1
1173 62 0
62 1173 1
1173 65 0
65 1173 1
1173 97 0
97 1173 1
1173 131 0
131 1173 1
1173 160 0
160 1173 1
1173 179 0
179 1173 1
1173 180 0
180 1173 1
1173 203 0
203 1173 1
1173 1174 0
1174 1173 1
1173 1175 0
1175 1173 1
1173 1176 0
1176 1173 1
1173 1177 0
1177 1173 1
1174 104 0
104 1174 1
1175 41 0
41 1175 1
1176 17 0
17 1176 1
1176 206 0
206 1176 1
1177 19 0
19 1177 1
1177 188 0
188 1177 1
1178 49 0
49 1178 1
1178 196 0
196 1178 1
1179 48 0
48 1179 1
1179 105 0
105 1179 1
1179 150 0
150 1179 1
1180 69 0
69 1180 1
1181 16 0
16 1181 1
1181 129 0
129 1181 1
1181 139 0
139 1181 1
1181 148 0
148 1181 1
1181 1182 0
1182 1181 1
1181 1184 0
1184 1181 1
1181 1186 0
1186 1181 1
1181 1187 0
1187 1181 1
1181 1188 0
1188 1181 1
1181 1189 0
1189 1181 1
1182 28 0
28 1182 1
1182 46 0
46 1182 1
1182 63 0
63 1182 1
1182 96 0
96 1182 1
1182 123 0
123 1182 1
1182 127 0
127 1182 1
1182 170 0
170 1182 1
1182 183 0
183 1182 1
1182 210 0
210 1182 1
1182 1183 0
1183 1182 1
1183 50 0
50 1183 1
1183 92 0
92 1183 1
1184 140 0
140 1184 1
1184 1185 0
1185 1184 1
1185 111 0
111 1185 1
1185 126 0
126 1185 1
1186 14 0
14 1186 1
1187 78 0
78 1187 1
1187 113 0
113 1187 1
1187 114 0
114 1187 1
1188 109 0
109 1188 1
1189 81 0
81 1189 1
1190 147 0
147 1190 1
1190 167 0
167 1190 1
1190 178 0
178 1190 1
1191 68 0
68 1191 1
1191 86 0
86 1191 1
1191 98 0
98 1191 1
1191 115 0
115 1191 1
1191 172 0
172 1191 1
1191 1192 0
1192 1191 1
1192 42 0
42 1192 1
1192 1193 0
1193 1192 1
1193 197 0
197 1193 1
1194 1195 0
1195 1194 1
1195 1196 0
1196 1195 1
1195 1197 0
1197 1195 1
1196 401 0
401 1196 1
1196 402 0
402 1196 1
1196 403 0
403 1196 1
1197 406 0
406 1197 1
1197 1198 0
1198 1197 1
1198 1199 0
1199 1198 1
1199 404 0
404 1199 1
1200 1177 0
1177 1200 1
1201 1202 0
1202 1201 1
1202 1203 0
1203 1202 1
1202 1273 0
1273 1202 1
1202 1321 0
1321 1202 1
1202 1357 0
1357 1202 1
1202 1363 0
1363 1202 1
1203 213 0
213 1203 1
1203 1204 0
1204 1203 1
1203 1267 0
1267 1203 1
1203 1269 0
1269 1203 1
1204 1205 0
1205 1204 1
1204 1208 0
1208 1204 1
1204 1217 0
1217 1204 1
1204 1219 0
1219 1204 1
1204 1232 0
1232 1204 1
1204 1242 0
1242 1204 1
1204 1260 0
1260 1204 1
1204 1262 0
1262 1204 1
1204 1263 0
1263 1204 1
1205 1206 0
1206 1205 1
1206 128 0
128 1206 1
1206 1207 0
1207 1206 1
1207 163 0
163 1207 1
1207 187 0
187 1207 1
1208 1209 0
1209 1208 1
1208 1210 0
1210 1208 1
1208 1214 0
1214 1208 1
1209 74 0
74 1209 1
1210 1211 0
1211 1210 1
1211 1212 0
1212 1211 1
1211 1213 0
1213 1211 1
1212 82 0
82 1212 1
1212 95 0
95 1212 1
1213 121 0
121 1213 1
1213 184 0
184 1213 1
1214 1215 0
1215 1214 1
1214 1216 0
1216 1214 1
1215 36 0
36 1215 1
1215 91 0
91 1215 1
1215 110 0
110 1215 1
1215 141 0
141 1215 1
1215 165 0
165 1215 1
1216 53 0
53 1216 1
1216 72 0
72 1216 1
1216 134 0
134 1216 1
1216 136 0
136 1216 1
1216 137 0
137 1216 1
1216 202 0
202 1216 1
1217 1218 0
1218 1217 1
1218 23 0
23 1218 1
1218 193 0
193 1218 1
1219 1220 0
1220 1219 1
1219 1221 0
1221 1219 1
1219 1222 0
1222 1219 1
1219 1223 0
1223 1219 1
1219 1224 0
1224 1219 1
1219 1228 0
1228 1219 1
1220 102 0
102 1220 1
1220 162 0
162 1220 1
1220 208 0
208 1220 1
1221 15 0
15 1221 1
1221 22 0
22 1221 1
1221 39 0
39 1221 1
1221 43 0
43 1221 1
1221 47 0
47 1221 1
1221 181 0
181 1221 1
1222 6 0
6 1222 1
1223 73 0
73 1223 1
1224 33 0
33 1224 1
1224 1158 0
1158 1224 1
1224 1225 0
1225 1224 1
1224 1226 0
1226 1224 1
1224 1227 0
1227 1224 1
1225 154 0
154 1225 1
1225 201 0
201 1225 1
1226 0 0
0 1226 1
1226 66 0
66 1226 1
1226 158 0
158 1226 1
1227 27 0
27 1227 1
1227 57 0
57 1227 1
1227 101 0
101 1227 1
1227 204 0
204 1227 1
1228 1229 0
1229 1228 1
1228 1231 0
1231 1228 1
1229 1157 0
1157 1229 1
1229 1230 0
1230 1229 1
1230 10 0
10 1230 1
1231 29 0
29 1231 1
1231 75 0
75 1231 1
1231 84 0
84 1231 1
1231 189 0
189 1231 1
1231 205 0
205 1231 1
1232 1233 0
1233 1232 1
1232 1234 0
1234 1232 1
1232 1237 0
1237 1232 1
1233 192 0
192 1233 1
1234 1235 0
1235 1234 1
1235 1236 0
1236 1235 1
1236 13 0
13 1236 1
1237 1238 0
1238 1237 1
1238 1239 0
1239 1238 1
1238 1241 0
1241 1238 1
1239 1240 0
1240 1239 1
1240 21 0
21 1240 1
1241 5 0
5 1241 1
1242 1243 0
1243 1242 1
1242 1246 0
1246 1242 1
1243 1244 0
1244 1243 1
1244 79 0
79 1244 1
1244 1245 0
1245 1244 1
1245 38 0
38 1245 1
1246 166 0
166 1246 1
1246 185 0
185 1246 1
1246 1247 0
1247 1246 1
1246 1248 0
1248 1246 1
1246 1259 0
1259 1246 1
1247 120 0
120 1247 1
1248 1249 0
1249 1248 1
1249 164 0
164 1249 1
1249 1250 0
1250 1249 1
1249 1251 0
1251 1249 1
1249 1252 0
1252 1249 1
1249 1254 0
1254 1249 1
1249 1256 0
1256 1249 1
1249 1257 0
1257 1249 1
1250 80 0
80 1250 1
1251 11 0
11 1251 1
1251 56 0
56 1251 1
1251 64 0
64 1251 1
1252 1253 0
1253 1252 1
1253 51 0
51 1253 1
1254 1255 0
1255 1254 1
1255 8 0
8 1255 1
1256 161 0
161 1256 1
1257 1258 0
1258 1257 1
1258 107 0
107 1258 1
1259 77 0
77 1259 1
1259 119 0
119 1259 1
1260 177 0
177 1260 1
1260 1261 0
1261 1260 1
1261 37 0
37 1261 1
1262 1218 0
1218 1262 1
1263 156 0
156 1263 1
1263 182 0
182 1263 1
1263 194 0
194 1263 1
1263 1264 0
1264 1263 1
1263 1265 0
1265 1263 1
1264 100 0
100 1264 1
1265 1266 0
1266 1265 1
1266 52 0
52 1266 1
1267 1268 0
1268 1267 1
1268 216 0
216 1268 1
1269 1270 0
1270 1269 1
1270 217 0
217 1270 1
1270 1271 0
1271 1270 1
1270 1272 0
1272 1270 1
1271 212 0
212 1271 1
1272 215 0
215 1272 1
1273 383 0
383 1273 1
1273 1274 0
1274 1273 1
1273 1275 0
1275 1273 1
1273 1283 0
1283 1273 1
1273 1287 0
1287 1273 1
1273 1288 0
1288 1273 1
1273 1291 0
1291 1273 1
1273 1293 0
1293 1273 1
1273 1294 0
1294 1273 1
1273 1295 0
1295 1273 1
1273 1296 0
1296 1273 1
1274 384 0
384 1274 1
1275 1276 0
1276 1275 1
1276 395 0
395 1276 1
1276 1277 0
1277 1276 1
1276 1279 0
1279 1276 1
1276 1281 0
1281 1276 1
1276 1282 0
1282 1276 1
1277 385 0
385 1277 1
1277 386 0
386 1277 1
1277 388 0
388 1277 1
1277 1278 0
1278 1277 1
1278 389 0
389 1278 1
1279 390 0
390 1279 1
1279 1280 0
1280 1279 1
1280 391 0
391 1280 1
1281 392 0
392 1281 1
1281 393 0
393 1281 1
1282 394 0
394 1282 1
1283 398 0
398 1283 1
1283 1284 0
1284 1283 1
1283 1285 0
1285 1283 1
1283 1286 0
1286 1283 1
1284 396 0
396 1284 1
1285 397 0
397 1285 1
1286 399 0
399 1286 1
1287 1195 0
1195 1287 1
1288 407 0
407 1288 1
1288 408 0
408 1288 1
1288 1289 0
1289 1288 1
1288 1290 0
1290 1288 1
1289 409 0
409 1289 1
1290 410 0
410 1290 1
1291 1292 0
1292 1291 1
1292 411 0
411 1292 1
1293 412 0
412 1293 1
1294 414 0
414 1294 1
1295 415 0
415 1295 1
1295 416 0
416 1295 1
1296 1297 0
1297 1296 1
1296 1302 0
1302 1296 1
1296 1303 0
1303 1296 1
1296 1314 0
1314 1296 1
1296 1316 0
1316 1296 1
1297 1298 0
1298 1297 1
1298 419 0
419 1298 1
1298 1299 0
1299 1298 1
1299 417 0
417 1299 1
1299 1300 0
1300 1299 1
1300 1301 0
1301 1300 1
1301 418 0
418 1301 1
1302 420 0
420 1302 1
1303 424 0
424 1303 1
1303 428 0
428 1303 1
1303 429 0
429 1303 1
1303 431 0
431 1303 1
1303 1304 0
1304 1303 1
1303 1305 0
1305 1303 1
1303 1307 0
1307 1303 1
1303 1309 0
1309 1303 1
1304 422 0
422 1304 1
1305 426 0
426 1305 1
1305 1306 0
1306 1305 1
1306 425 0
425 1306 1
1307 1308 0
1308 1307 1
1308 430 0
430 1308 1
1309 436 0
436 1309 1
1309 1310 0
1310 1309 1
1309 1312 0
1312 1309 1
1309 1313 0
1313 1309 1
1310 1311 0
1311 1310 1
1311 432 0
432 1311 1
1312 434 0
434 1312 1
1313 435 0
435 1313 1
1314 1315 0
1315 1314 1
1315 437 0
437 1315 1
1316 1317 0
1317 1316 1
1316 1318 0
1318 1316 1
1316 1320 0
1320 1316 1
1317 438 0
438 1317 1
1318 1319 0
1319 1318 1
1319 439 0
439 1319 1
1320 440 0
440 1320 1
1321 1322 0
1322 1321 1
1321 1326 0
1326 1321 1
1322 1323 0
1323 1322 1
1323 1324 0
1324 1323 1
1324 459 0
459 1324 1
1324 460 0
460 1324 1
1324 461 0
461 1324 1
1324 1325 0
1325 1324 1
1325 457 0
457 1325 1
1325 458 0
458 1325 1
1326 1327 0
1327 1326 1
1326 1338 0
1338 1326 1
1326 1342 0
1342 1326 1
1326 1345 0
1345 1326 1
1327 1328 0
1328 1327 1
1328 1329 0
1329 1328 1
1328 1330 0
1330 1328 1
1328 1331 0
1331 1328 1
1328 1332 0
1332 1328 1
1328 1333 0
1333 1328 1
1328 1334 0
1334 1328 1
1328 1335 0
1335 1328 1
1328 1336 0
1336 1328 1
1328 1337 0
1337 1328 1
1329 462 0
462 1329 1
1330 463 0
463 1330 1
1330 464 0
464 1330 1
1331 465 0
465 1331 1
1332 466 0
466 1332 1
1332 467 0
467 1332 1
1333 468 0
468 1333 1
1334 469 0
469 1334 1
1335 470 0
470 1335 1
1336 471 0
471 1336 1
1337 472 0
472 1337 1
1338 1339 0
1339 1338 1
1339 1340 0
1340 1339 1
1340 1341 0
1341 1340 1
1341 473 0
473 1341 1
1342 1343 0
1343 1342 1
1342 1344 0
1344 1342 1
1343 475 0
475 1343 1
1344 474 0
474 1344 1
1345 489 0
489 1345 1
1345 1346 0
1346 1345 1
1345 1347 0
1347 1345 1
1345 1350 0
1350 1345 1
1345 1354 0
1354 1345 1
1346 476 0
476 1346 1
1346 477 0
477 1346 1
1346 479 0
479 1346 1
1346 480 0
480 1346 1
1346 481 0
481 1346 1
1346 482 0
482 1346 1
1346 483 0
483 1346 1
1346 484 0
484 1346 1
1347 1348 0
1348 1347 1
1348 485 0
485 1348 1
1348 1349 0
1349 1348 1
1349 486 0
486 1349 1
1350 1351 0
1351 1350 1
1350 1352 0
1352 1350 1
1351 487 0
487 1351 1
1352 1353 0
1353 1352 1
1353 488 0
488 1353 1
1354 490 0
490 1354 1
1354 1355 0
1355 1354 1
1355 1356 0
1356 1355 1
1356 492 0
492 1356 1
1357 1358 0
1358 1357 1
1357 1360 0
1360 1357 1
1358 499 0
499 1358 1
1358 1359 0
1359 1358 1
1359 498 0
498 1359 1
1360 493 0
493 1360 1
1360 1361 0
1361 1360 1
1360 1362 0
1362 1360 1
1361 494 0
494 1361 1
1361 495 0
495 1361 1
1362 497 0
497 1362 1
1363 1364 0
1364 1363 1
1364 1365 0
1365 1364 1
1364 1371 0
1371 1364 1
1364 1373 0
1373 1364 1
1365 1366 0
1366 1365 1
1366 1367 0
1367 1366 1
1366 1370 0
1370 1366 1
1367 443 0
443 1367 1
1367 1368 0
1368 1367 1
1367 1369 0
1369 1367 1
1368 441 0
441 1368 1
1369 442 0
442 1369 1
1370 445 0
445 1370 1
1371 446 0
446 1371 1
1371 1372 0
1372 1371 1
1372 447 0
447 1372 1
1373 1374 0
1374 1373 1
1374 1375 0
1375 1374 1
1374 1379 0
1379 1374 1
1374 1386 0
1386 1374 1
1375 450 0
450 1375 1
1375 1376 0
1376 1375 1
1375 1378 0
1378 1375 1
1376 1377 0
1377 1376 1
1377 448 0
448 1377 1
1377 449 0
449 1377 1
1378 1372 0
1372 1378 1
1379 1380 0
1380 1379 1
1379 1383 0
1383 1379 1
1379 1385 0
1385 1379 1
1380 1381 0
1381 1380 1
1380 1382 0
1382 1380 1
1381 451 0
451 1381 1
1382 452 0
452 1382 1
1383 1384 0
1384 1383 1
1384 453 0
453 1384 1
1385 454 0
454 1385 1
1386 456 0
456 1386 1
1387 1388 0
1388 1387 1
1387 1677 0
1677 1387 1
1387 1725 0
1725 1387 1
1387 1729 0
1729 1387 1
1387 1732 0
1732 1387 1
1387 1735 0
1735 1387 1
1387 1811 0
1811 1387 1
1387 1813 0
1813 1387 1
1387 1827 0
1827 1387 1
1387 1829 0
1829 1387 1
1387 1834 0
1834 1387 1
1387 1835 0
1835 1387 1
1387 1841 0
1841 1387 1
1388 1389 0
1389 1388 1
1388 1506 0
1506 1388 1
1388 1539 0
1539 1388 1
1388 1585 0
1585 1388 1
1388 1616 0
1616 1388 1
1388 1620 0
1620 1388 1
1388 1647 0
1647 1388 1
1388 1650 0
1650 1388 1
1388 1670 0
1670 1388 1
1388 1674 0
1674 1388 1
1389 545 0
545 1389 1
1389 577 0
577 1389 1
1389 1390 0
1390 1389 1
1389 1406 0
1406 1389 1
1389 1407 0
1407 1389 1
1389 1408 0
1408 1389 1
1389 1409 0
1409 1389 1
1389 1410 0
1410 1389 1
1389 1411 0
1411 1389 1
1389 1414 0
1414 1389 1
1389 1416 0
1416 1389 1
1389 1417 0
1417 1389 1
1389 1418 0
1418 1389 1
1389 1419 0
1419 1389 1
1389 1449 0
1449 1389 1
1389 1450 0
1450 1389 1
1389 1451 0
1451 1389 1
1389 1464 0
1464 1389 1
1389 1475 0
1475 1389 1
1389 1477 0
1477 1389 1
1389 1480 0
1480 1389 1
1389 1482 0
1482 1389 1
1389 1491 0
1491 1389 1
1389 1492 0
1492 1389 1
1389 1493 0
1493 1389 1
1389 1497 0
1497 1389 1
1389 1499 0
1499 1389 1
1389 1504 0
1504 1389 1
1390 1391 0
1391 1390 1
1390 1393 0
1393 1390 1
1390 1394 0
1394 1390 1
1390 1398 0
1398 1390 1
1391 332 0
332 1391 1
1391 1392 0
1392 1391 1
1392 226 0
226 1392 1
1392 333 0
333 1392 1
1393 334 0
334 1393 1
1393 335 0
335 1393 1
1393 336 0
336 1393 1
1393 338 0
338 1393 1
1393 339 0
339 1393 1
1393 1392 0
1392 1393 1
1394 340 0
340 1394 1
1394 1392 0
1392 1394 1
1394 1395 0
1395 1394 1
1394 1396 0
1396 1394 1
1394 1397 0
1397 1394 1
1395 341 0
341 1395 1
1396 343 0
343 1396 1
1397 345 0
345 1397 1
1398 332 0
332 1398 1
1398 350 0
350 1398 1
1398 1399 0
1399 1398 1
1398 1400 0
1400 1398 1
1398 1401 0
1401 1398 1
1398 1402 0
1402 1398 1
1399 346 0
346 1399 1
1399 347 0
347 1399 1
1399 348 0
348 1399 1
1401 351 0
351 1401 1
1402 355 0
355 1402 1
1402 1403 0
1403 1402 1
1403 1404 0
1404 1403 1
1403 1405 0
1405 1403 1
1404 352 0
352 1404 1
1404 353 0
353 1404 1
1405 354 0
354 1405 1
1406 501 0
501 1406 1
1407 502 0
502 1407 1
1408 503 0
503 1408 1
1409 504 0
504 1409 1
1410 505 0
505 1410 1
1410 506 0
506 1410 1
1411 1412 0
1412 1411 1
1412 1413 0
1413 1412 1
1413 507 0
507 1413 1
1413 508 0
508 1413 1
1414 510 0
510 1414 1
1414 1415 0
1415 1414 1
1415 509 0
509 1415 1
1416 511 0
511 1416 1
1417 512 0
512 1417 1
1418 515 0
515 1418 1
1419 1420 0
1420 1419 1
1419 1421 0
1421 1419 1
1419 1429 0
1429 1419 1
1419 1430 0
1430 1419 1
1419 1432 0
1432 1419 1
1419 1434 0
1434 1419 1
1419 1441 0
1441 1419 1
1420 516 0
516 1420 1
1421 517 0
517 1421 1
1421 1422 0
1422 1421 1
1421 1423 0
1423 1421 1
1421 1424 0
1424 1421 1
1422 518 0
518 1422 1
1423 519 0
519 1423 1
1424 525 0
525 1424 1
1424 1425 0
1425 1424 1
1424 1426 0
1426 1424 1
1424 1427 0
1427 1424 1
1424 1428 0
1428 1424 1
1425 528 0
528 1425 1
1426 521 0
521 1426 1
1426 522 0
522 1426 1
1427 524 0
524 1427 1
1428 526 0
526 1428 1
1429 529 0
529 1429 1
1429 530 0
530 1429 1
1430 1431 0
1431 1430 1
1431 531 0
531 1431 1
1432 533 0
533 1432 1
1432 1433 0
1433 1432 1
1433 534 0
534 1433 1
1434 1435 0
1435 1434 1
1435 1436 0
1436 1435 1
1435 1439 0
1439 1435 1
1436 1437 0
1437 1436 1
1437 1438 0
1438 1437 1
1438 535 0
535 1438 1
1439 1440 0
1440 1439 1
1440 536 0
536 1440 1
1441 250 0
250 1441 1
1441 537 0
537 1441 1
1441 1442 0
1442 1441 1
1442 538 0
538 1442 1
1442 1443 0
1443 1442 1
1443 540 0
540 1443 1
1443 1444 0
1444 1443 1
1443 1448 0
1448 1443 1
1444 1445 0
1445 1444 1
1445 1446 0
1446 1445 1
1445 1447 0
1447 1445 1
1446 539 0
539 1446 1
1447 1446 0
1446 1447 1
1448 218 0
218 1448 1
1449 543 0
543 1449 1
1450 544 0
544 1450 1
1451 547 0
547 1451 1
1451 1452 0
1452 1451 1
1451 1454 0
1454 1451 1
1451 1455 0
1455 1451 1
1451 1460 0
1460 1451 1
1451 1461 0
1461 1451 1
1451 1462 0
1462 1451 1
1451 1463 0
1463 1451 1
1452 372 0
372 1452 1
1452 1453 0
1453 1452 1
1453 381 0
381 1453 1
1454 546 0
546 1454 1
1455 552 0
552 1455 1
1455 1456 0
1456 1455 1
1455 1457 0
1457 1455 1
1456 548 0
548 1456 1
1457 1458 0
1458 1457 1
1458 549 0
549 1458 1
1458 1459 0
1459 1458 1
1459 227 0
227 1459 1
1459 550 0
550 1459 1
1460 554 0
554 1460 1
1461 555 0
555 1461 1
1462 556 0
556 1462 1
1462 557 0
557 1462 1
1463 558 0
558 1463 1
1464 570 0
570 1464 1
1464 1465 0
1465 1464 1
1464 1466 0
1466 1464 1
1464 1472 0
1472 1464 1
1465 560 0
560 1465 1
1466 561 0
561 1466 1
1466 568 0
568 1466 1
1466 1467 0
1467 1466 1
1466 1469 0
1469 1466 1
1466 1470 0
1470 1466 1
1466 1471 0
1471 1466 1
1467 1468 0
1468 1467 1
1468 562 0
562 1468 1
1468 563 0
563 1468 1
1468 564 0
564 1468 1
1468 565 0
565 1468 1
1469 566 0
566 1469 1
1470 567 0
567 1470 1
1471 569 0
569 1471 1
1472 1473 0
1473 1472 1
1473 1474 0
1474 1473 1
1474 571 0
571 1474 1
1475 1476 0
1476 1475 1
1476 572 0
572 1476 1
1477 1478 0
1478 1477 1
1478 1479 0
1479 1478 1
1479 573 0
573 1479 1
1480 576 0
576 1480 1
1480 1481 0
1481 1480 1
1481 575 0
575 1481 1
1482 587 0
587 1482 1
1482 1483 0
1483 1482 1
1482 1486 0
1486 1482 1
1482 1490 0
1490 1482 1
1483 1484 0
1484 1483 1
1484 1485 0
1485 1484 1
1485 578 0
578 1485 1
1486 579 0
579 1486 1
1486 581 0
581 1486 1
1486 584 0
584 1486 1
1486 1487 0
1487 1486 1
1486 1488 0
1488 1486 1
1486 1489 0
1489 1486 1
1487 580 0
580 1487 1
1488 582 0
582 1488 1
1489 585 0
585 1489 1
1490 588 0
588 1490 1
1491 589 0
589 1491 1
1492 501 0
501 1492 1
1493 1494 0
1494 1493 1
1493 1496 0
1496 1493 1
1494 592 0
592 1494 1
1494 1495 0
1495 1494 1
1495 591 0
591 1495 1
1496 593 0
593 1496 1
1497 1498 0
1498 1497 1
1498 594 0
594 1498 1
1499 595 0
595 1499 1
1499 1498 0
1498 1499 1
1499 1500 0
1500 1499 1
1499 1501 0
1501 1499 1
1500 596 0
596 1500 1
1501 1502 0
1502 1501 1
1502 1503 0
1503 1502 1
1503 597 0
597 1503 1
1504 598 0
598 1504 1
1504 1505 0
1505 1504 1
1505 599 0
599 1505 1
1506 1507 0
1507 1506 1
1506 1518 0
1518 1506 1
1506 1525 0
1525 1506 1
1506 1526 0
1526 1506 1
1506 1527 0
1527 1506 1
1506 1528 0
1528 1506 1
1506 1529 0
1529 1506 1
1506 1530 0
1530 1506 1
1506 1531 0
1531 1506 1
1506 1533 0
1533 1506 1
1506 1535 0
1535 1506 1
1506 1538 0
1538 1506 1
1507 380 0
380 1507 1
1507 1452 0
1452 1507 1
1507 1508 0
1508 1507 1
1507 1513 0
1513 1507 1
1507 1514 0
1514 1507 1
1507 1515 0
1515 1507 1
1508 1509 0
1509 1508 1
1509 1510 0
1510 1509 1
1510 371 0
371 1510 1
1510 1511 0
1511 1510 1
1510 1512 0
1512 1510 1
1511 368 0
368 1511 1
1512 369 0
369 1512 1
1513 372 0
372 1513 1
1514 373 0
373 1514 1
1515 371 0
371 1515 1
1515 374 0
374 1515 1
1515 377 0
377 1515 1
1515 379 0
379 1515 1
1515 1516 0
1516 1515 1
1516 376 0
376 1516 1
1516 1517 0
1517 1516 1
1517 375 0
375 1517 1
1518 1519 0
1519 1518 1
1519 1520 0
1520 1519 1
1520 1521 0
1521 1520 1
1520 1522 0
1522 1520 1
1520 1523 0
1523 1520 1
1520 1524 0
1524 1520 1
1521 669 0
669 1521 1
1522 670 0
670 1522 1
1523 672 0
672 1523 1
1523 674 0
674 1523 1
1524 675 0
675 1524 1
1525 850 0
850 1525 1
1526 503 0
503 1526 1
1527 996 0
996 1527 1
1528 849 0
849 1528 1
1529 825 0
825 1529 1
1530 922 0
922 1530 1
1531 1532 0
1532 1531 1
1532 906 0
906 1532 1
1532 933 0
933 1532 1
1533 798 0
798 1533 1
1533 983 0
983 1533 1
1533 1534 0
1534 1533 1
1534 855 0
855 1534 1
1534 994 0
994 1534 1
1535 1536 0
1536 1535 1
1536 1537 0
1537 1536 1
1537 857 0
857 1537 1
1538 859 0
859 1538 1
1539 757 0
757 1539 1
1539 878 0
878 1539 1
1539 889 0
889 1539 1
1539 1540 0
1540 1539 1
1539 1558 0
1558 1539 1
1539 1559 0
1559 1539 1
1539 1560 0
1560 1539 1
1539 1561 0
1561 1539 1
1539 1562 0
1562 1539 1
1539 1564 0
1564 1539 1
1539 1565 0
1565 1539 1
1539 1566 0
1566 1539 1
1539 1576 0
1576 1539 1
1539 1577 0
1577 1539 1
1539 1578 0
1578 1539 1
1539 1579 0
1579 1539 1
1539 1580 0
1580 1539 1
1539 1581 0
1581 1539 1
1539 1583 0
1583 1539 1
1539 1584 0
1584 1539 1
1540 259 0
259 1540 1
1540 290 0
290 1540 1
1540 1541 0
1541 1540 1
1540 1542 0
1542 1540 1
1540 1543 0
1543 1540 1
1540 1544 0
1544 1540 1
1540 1555 0
1555 1540 1
1540 1556 0
1556 1540 1
1541 253 0
253 1541 1
1541 254 0
254 1541 1
1542 256 0
256 1542 1
1543 257 0
257 1543 1
1544 260 0
260 1544 1
1544 285 0
285 1544 1
1544 288 0
288 1544 1
1544 1545 0
1545 1544 1
1544 1546 0
1546 1544 1
1544 1547 0
1547 1544 1
1544 1554 0
1554 1544 1
1545 249 0
249 1545 1
1546 261 0
261 1546 1
1546 262 0
262 1546 1
1547 263 0
263 1547 1
1547 274 0
274 1547 1
1547 277 0
277 1547 1
1547 1548 0
1548 1547 1
1547 1549 0
1549 1547 1
1547 1551 0
1551 1547 1
1548 264 0
264 1548 1
1548 265 0
265 1548 1
1548 267 0
267 1548 1
1548 268 0
268 1548 1
1548 269 0
269 1548 1
1548 270 0
270 1548 1
1548 271 0
271 1548 1
1548 272 0
272 1548 1
1548 273 0
273 1548 1
1549 1550 0
1550 1549 1
1550 276 0
276 1550 1
1551 278 0
278 1551 1
1551 279 0
279 1551 1
1551 280 0
280 1551 1
1551 281 0
281 1551 1
1551 1552 0
1552 1551 1
1552 283 0
283 1552 1
1552 284 0
284 1552 1
1552 1553 0
1553 1552 1
1553 270 0
270 1553 1
1554 248 0
248 1554 1
1554 249 0
249 1554 1
1555 289 0
289 1555 1
1556 1557 0
1557 1556 1
1557 292 0
292 1557 1
1557 294 0
294 1557 1
1558 949 0
949 1558 1
1559 817 0
817 1559 1
1559 846 0
846 1559 1
1559 942 0
942 1559 1
1559 963 0
963 1559 1
1560 950 0
950 1560 1
1561 930 0
930 1561 1
1562 782 0
782 1562 1
1562 1563 0
1563 1562 1
1563 821 0
821 1563 1
1563 828 0
828 1563 1
1564 751 0
751 1564 1
1565 760 0
760 1565 1
1565 951 0
951 1565 1
1566 764 0
764 1566 1
1566 819 0
819 1566 1
1566 823 0
823 1566 1
1566 883 0
883 1566 1
1566 891 0
891 1566 1
1566 904 0
904 1566 1
1566 1523 0
1523 1566 1
1566 1567 0
1567 1566 1
1566 1568 0
1568 1566 1
1566 1569 0
1569 1566 1
1566 1571 0
1571 1566 1
1566 1574 0
1574 1566 1
1567 905 0
905 1567 1
1568 873 0
873 1568 1
1568 990 0
990 1568 1
1569 776 0
776 1569 1
1569 787 0
787 1569 1
1569 900 0
900 1569 1
1569 957 0
957 1569 1
1569 1570 0
1570 1569 1
1570 771 0
771 1570 1
1571 1572 0
1572 1571 1
1572 794 0
794 1572 1
1572 1573 0
1573 1572 1
1573 926 0
926 1573 1
1574 1575 0
1575 1574 1
1575 995 0
995 1575 1
1576 874 0
874 1576 1
1577 810 0
810 1577 1
1577 954 0
954 1577 1
1578 765 0
765 1578 1
1579 959 0
959 1579 1
1580 920 0
920 1580 1
1581 748 0
748 1581 1
1581 841 0
841 1581 1
1581 897 0
897 1581 1
1581 916 0
916 1581 1
1581 1582 0
1582 1581 1
1582 752 0
752 1582 1
1583 945 0
945 1583 1
1584 927 0
927 1584 1
1585 1586 0
1586 1585 1
1585 1593 0
1593 1585 1
1585 1597 0
1597 1585 1
1585 1599 0
1599 1585 1
1585 1603 0
1603 1585 1
1585 1605 0
1605 1585 1
1585 1613 0
1613 1585 1
1585 1615 0
1615 1585 1
1586 1587 0
1587 1586 1
1586 1588 0
1588 1586 1
1586 1589 0
1589 1586 1
1586 1590 0
1590 1586 1
1586 1591 0
1591 1586 1
1586 1592 0
1592 1586 1
1587 791 0
791 1587 1
1588 806 0
806 1588 1
1589 766 0
766 1589 1
1589 923 0
923 1589 1
1589 993 0
993 1589 1
1590 907 0
907 1590 1
1591 755 0
755 1591 1
1592 915 0
915 1592 1
1592 999 0
999 1592 1
1593 313 0
313 1593 1
1593 1594 0
1594 1593 1
1593 1596 0
1596 1593 1
1594 1595 0
1595 1594 1
1595 790 0
790 1595 1
1595 962 0
962 1595 1
1596 755 0
755 1596 1
1596 791 0
791 1596 1
1596 806 0
806 1596 1
1596 840 0
840 1596 1
1596 845 0
845 1596 1
1596 875 0
875 1596 1
1596 907 0
907 1596 1
1596 935 0
935 1596 1
1596 969 0
969 1596 1
1597 1598 0
1598 1597 1
1598 856 0
856 1598 1
1599 1600 0
1600 1599 1
1599 1601 0
1601 1599 1
1600 890 0
890 1600 1
1601 1602 0
1602 1601 1
1602 833 0
833 1602 1
1603 1604 0
1604 1603 1
1604 233 0
233 1604 1
1605 763 0
763 1605 1
1605 868 0
868 1605 1
1605 869 0
869 1605 1
1605 928 0
928 1605 1
1605 977 0
977 1605 1
1605 1606 0
1606 1605 1
1605 1609 0
1609 1605 1
1605 1611 0
1611 1605 1
1606 1607 0
1607 1606 1
1607 1608 0
1608 1607 1
1608 979 0
979 1608 1
1609 555 0
555 1609 1
1609 1610 0
1610 1609 1
1611 842 0
842 1611 1
1611 1612 0
1612 1611 1
1612 913 0
913 1612 1
1613 1614 0
1614 1613 1
1614 788 0
788 1614 1
1615 941 0
941 1615 1
1616 893 0
893 1616 1
1616 894 0
894 1616 1
1616 1044 0
1044 1616 1
1616 1617 0
1617 1616 1
1616 1618 0
1618 1616 1
1617 809 0
809 1617 1
1618 1619 0
1619 1618 1
1619 807 0
807 1619 1
1619 866 0
866 1619 1
1620 1621 0
1621 1620 1
1620 1642 0
1642 1620 1
1620 1643 0
1643 1620 1
1621 1540 0
1540 1621 1
1621 1622 0
1622 1621 1
1621 1639 0
1639 1621 1
1621 1640 0
1640 1621 1
1621 1641 0
1641 1621 1
1622 1604 0
1604 1622 1
1622 1623 0
1623 1622 1
1622 1627 0
1627 1622 1
1623 1624 0
1624 1623 1
1623 1626 0
1626 1623 1
1624 230 0
230 1624 1
1624 1625 0
1625 1624 1
1625 229 0
229 1625 1
1626 232 0
232 1626 1
1627 1628 0
1628 1627 1
1627 1632 0
1632 1627 1
1627 1634 0
1634 1627 1
1628 235 0
235 1628 1
1628 1629 0
1629 1628 1
1628 1630 0
1630 1628 1
1628 1631 0
1631 1628 1
1629 236 0
236 1629 1
1630 237 0
237 1630 1
1631 238 0
238 1631 1
1631 239 0
239 1631 1
1632 220 0
220 1632 1
1632 1633 0
1633 1632 1
1633 240 0
240 1633 1
1633 241 0
241 1633 1
1634 244 0
244 1634 1
1634 247 0
247 1634 1
1634 1635 0
1635 1634 1
1634 1636 0
1636 1634 1
1634 1637 0
1637 1634 1
1635 242 0
242 1635 1
1636 243 0
243 1636 1
1637 245 0
245 1637 1
1637 1638 0
1638 1637 1
1638 246 0
246 1638 1
1639 230 0
230 1639 1
1639 248 0
248 1639 1
1639 249 0
249 1639 1
1639 1637 0
1637 1639 1
1640 250 0
250 1640 1
1641 251 0
251 1641 1
1641 252 0
252 1641 1
1642 956 0
956 1642 1
1643 1644 0
1644 1643 1
1643 1646 0
1646 1643 1
1644 1645 0
1645 1644 1
1645 886 0
886 1645 1
1646 919 0
919 1646 1
1646 961 0
961 1646 1
1647 1648 0
1648 1647 1
1648 1649 0
1649 1648 1
1649 826 0
826 1649 1
1650 1651 0
1651 1650 1
1650 1668 0
1668 1650 1
1650 1669 0
1669 1650 1
1651 299 0
299 1651 1
1651 316 0
316 1651 1
1651 1652 0
1652 1651 1
1651 1653 0
1653 1651 1
1651 1655 0
1655 1651 1
1651 1656 0
1656 1651 1
1651 1657 0
1657 1651 1
1651 1658 0
1658 1651 1
1651 1659 0
1659 1651 1
1651 1665 0
1665 1651 1
1651 1666 0
1666 1651 1
1651 1667 0
1667 1651 1
1652 296 0
296 1652 1
1652 297 0
297 1652 1
1653 1654 0
1654 1653 1
1654 298 0
298 1654 1
1655 301 0
301 1655 1
1656 302 0
302 1656 1
1657 303 0
303 1657 1
1658 304 0
304 1658 1
1659 311 0
311 1659 1
1659 1660 0
1660 1659 1
1659 1661 0
1661 1659 1
1659 1663 0
1663 1659 1
1660 305 0
305 1660 1
1661 306 0
306 1661 1
1661 308 0
308 1661 1
1661 309 0
309 1661 1
1661 1662 0
1662 1661 1
1662 307 0
307 1662 1
1663 1664 0
1664 1663 1
1664 310 0
310 1664 1
1665 312 0
312 1665 1
1665 313 0
313 1665 1
1666 314 0
314 1666 1
1667 315 0
315 1667 1
1668 768 0
768 1668 1
1669 902 0
902 1669 1
1670 1671 0
1671 1670 1
1671 1672 0
1672 1671 1
1672 1673 0
1673 1672 1
1673 929 0
929 1673 1
1674 921 0
921 1674 1
1674 1606 0
1606 1674 1
1674 1675 0
1675 1674 1
1675 862 0
862 1675 1
1675 1676 0
1676 1675 1
1676 943 0
943 1676 1
1677 676 0
676 1677 1
1677 697 0
697 1677 1
1677 711 0
711 1677 1
1677 1678 0
1678 1677 1
1677 1679 0
1679 1677 1
1677 1680 0
1680 1677 1
1677 1681 0
1681 1677 1
1677 1691 0
1691 1677 1
1677 1694 0
1694 1677 1
1677 1695 0
1695 1677 1
1677 1697 0
1697 1677 1
1677 1705 0
1705 1677 1
1677 1707 0
1707 1677 1
1677 1708 0
1708 1677 1
1677 1709 0
1709 1677 1
1677 1717 0
1717 1677 1
1677 1719 0
1719 1677 1
1677 1720 0
1720 1677 1
1677 1724 0
1724 1677 1
1678 677 0
677 1678 1
1679 678 0
678 1679 1
1680 679 0
679 1680 1
1680 681 0
681 1680 1
1681 686 0
686 1681 1
1681 692 0
692 1681 1
1681 693 0
693 1681 1
1681 1682 0
1682 1681 1
1681 1683 0
1683 1681 1
1681 1686 0
1686 1681 1
1681 1688 0
1688 1681 1
1681 1690 0
1690 1681 1
1682 682 0
682 1682 1
1683 1684 0
1684 1683 1
1684 684 0
684 1684 1
1684 1685 0
1685 1684 1
1685 685 0
685 1685 1
1686 1687 0
1687 1686 1
1687 687 0
687 1687 1
1687 688 0
688 1687 1
1688 690 0
690 1688 1
1688 1689 0
1689 1688 1
1689 691 0
691 1689 1
1690 694 0
694 1690 1
1690 695 0
695 1690 1
1691 1692 0
1692 1691 1
1692 1693 0
1693 1692 1
1693 696 0
696 1693 1
1694 699 0
699 1694 1
1695 1696 0
1696 1695 1
1696 700 0
700 1696 1
1697 1698 0
1698 1697 1
1697 1701 0
1701 1697 1
1698 1699 0
1699 1698 1
1699 1700 0
1700 1699 1
1700 701 0
701 1700 1
1701 1702 0
1702 1701 1
1702 1703 0
1703 1702 1
1702 1704 0
1704 1702 1
1703 702 0
702 1703 1
1704 703 0
703 1704 1
1704 704 0
704 1704 1
1704 706 0
706 1704 1
1704 707 0
707 1704 1
1704 708 0
708 1704 1
1704 709 0
709 1704 1
1704 710 0
710 1704 1
1705 289 0
289 1705 1
1705 1706 0
1706 1705 1
1706 713 0
713 1706 1
1706 1683 0
1683 1706 1
1707 714 0
714 1707 1
1708 677 0
677 1708 1
1708 715 0
715 1708 1
1708 716 0
716 1708 1
1709 1710 0
1710 1709 1
1710 717 0
717 1710 1
1710 718 0
718 1710 1
1710 1711 0
1711 1710 1
1710 1713 0
1713 1710 1
1710 1714 0
1714 1710 1
1711 720 0
720 1711 1
1711 721 0
721 1711 1
1711 723 0
723 1711 1
1711 1712 0
1712 1711 1
1712 722 0
722 1712 1
1713 724 0
724 1713 1
1714 1715 0
1715 1714 1
1714 1716 0
1716 1714 1
1715 725 0
725 1715 1
1716 726 0
726 1716 1
1717 1718 0
1718 1717 1
1718 727 0
727 1718 1
1719 728 0
728 1719 1
1720 1721 0
1721 1720 1
1720 1723 0
1723 1720 1
1721 729 0
729 1721 1
1721 1722 0
1722 1721 1
1722 730 0
730 1722 1
1723 731 0
731 1723 1
1724 732 0
732 1724 1
1725 1726 0
1726 1725 1
1726 1727 0
1727 1726 1
1727 1728 0
1728 1727 1
1728 1673 0
1673 1728 1
1729 1730 0
1730 1729 1
1729 1731 0
1731 1729 1
1730 728 0
728 1730 1
1731 1474 0
1474 1731 1
1732 814 0
814 1732 1
1732 968 0
968 1732 1
1732 1733 0
1733 1732 1
1733 749 0
749 1733 1
1733 940 0
940 1733 1
1733 1734 0
1734 1733 1
1734 876 0
876 1734 1
1735 796 0
796 1735 1
1735 1736 0
1736 1735 1
1735 1738 0
1738 1735 1
1735 1739 0
1739 1735 1
1735 1742 0
1742 1735 1
1735 1747 0
1747 1735 1
1735 1749 0
1749 1735 1
1735 1791 0
1791 1735 1
1735 1809 0
1809 1735 1
1736 1737 0
1737 1736 1
1737 773 0
773 1737 1
1738 831 0
831 1738 1
1739 978 0
978 1739 1
1739 1740 0
1740 1739 1
1739 1741 0
1741 1739 1
1740 750 0
750 1740 1
1740 759 0
759 1740 1
1741 909 0
909 1741 1
1742 1743 0
1743 1742 1
1742 1746 0
1746 1742 1
1743 1744 0
1744 1743 1
1744 1745 0
1745 1744 1
1745 966 0
966 1745 1
1746 975 0
975 1746 1
1747 1668 0
1668 1747 1
1747 1748 0
1748 1747 1
1748 971 0
971 1748 1
1749 1750 0
1750 1749 1
1749 1753 0
1753 1749 1
1749 1754 0
1754 1749 1
1749 1756 0
1756 1749 1
1749 1758 0
1758 1749 1
1749 1775 0
1775 1749 1
1749 1777 0
1777 1749 1
1749 1781 0
1781 1749 1
1749 1785 0
1785 1749 1
1749 1786 0
1786 1749 1
1749 1787 0
1787 1749 1
1749 1789 0
1789 1749 1
1750 1751 0
1751 1750 1
1750 1752 0
1752 1750 1
1752 898 0
898 1752 1
1753 772 0
772 1753 1
1753 844 0
844 1753 1
1754 1755 0
1755 1754 1
1755 1490 0
1490 1755 1
1756 1757 0
1757 1756 1
1757 789 0
789 1757 1
1757 895 0
895 1757 1
1758 965 0
965 1758 1
1758 1759 0
1759 1758 1
1758 1760 0
1760 1758 1
1758 1761 0
1761 1758 1
1758 1762 0
1762 1758 1
1758 1763 0
1763 1758 1
1758 1765 0
1765 1758 1
1758 1766 0
1766 1758 1
1758 1770 0
1770 1758 1
1758 1772 0
1772 1758 1
1758 1773 0
1773 1758 1
1758 1774 0
1774 1758 1
1759 832 0
832 1759 1
1760 944 0
944 1760 1
1760 976 0
976 1760 1
1761 747 0
747 1761 1
1762 997 0
997 1762 1
1763 1764 0
1764 1763 1
1764 816 0
816 1764 1
1764 934 0
934 1764 1
1765 879 0
879 1765 1
1765 936 0
936 1765 1
1765 937 0
937 1765 1
1766 1767 0
1767 1766 1
1766 1768 0
1768 1766 1
1767 854 0
854 1767 1
1768 756 0
756 1768 1
1768 917 0
917 1768 1
1768 1769 0
1769 1768 1
1769 824 0
824 1769 1
1770 835 0
835 1770 1
1770 1771 0
1771 1770 1
1771 836 0
836 1771 1
1772 852 0
852 1772 1
1773 960 0
960 1773 1
1774 871 0
871 1774 1
1775 1776 0
1776 1775 1
1776 870 0
870 1776 1
1777 1778 0
1778 1777 1
1777 1779 0
1779 1777 1
1777 1780 0
1780 1777 1
1778 783 0
783 1778 1
1779 784 0
784 1779 1
1779 853 0
853 1779 1
1779 867 0
867 1779 1
1780 804 0
804 1780 1
1780 880 0
880 1780 1
1780 924 0
924 1780 1
1781 1782 0
1782 1781 1
1782 985 0
985 1782 1
1782 1783 0
1783 1782 1
1782 1784 0
1784 1782 1
1783 781 0
781 1783 1
1784 800 0
800 1784 1
1785 865 0
865 1785 1
1786 758 0
758 1786 1
1787 1788 0
1788 1787 1
1788 747 0
747 1788 1
1789 871 0
871 1789 1
1789 1790 0
1790 1789 1
1790 910 0
910 1790 1
1791 834 0
834 1791 1
1791 1792 0
1792 1791 1
1791 1796 0
1796 1791 1
1791 1797 0
1797 1791 1
1791 1798 0
1798 1791 1
1791 1800 0
1800 1791 1
1791 1801 0
1801 1791 1
1791 1802 0
1802 1791 1
1791 1804 0
1804 1791 1
1791 1806 0
1806 1791 1
1791 1807 0
1807 1791 1
1792 1793 0
1793 1792 1
1793 1794 0
1794 1793 1
1794 948 0
948 1794 1
1794 1795 0
1795 1794 1
1795 925 0
925 1795 1
1796 757 0
757 1796 1
1796 987 0
987 1796 1
1797 779 0
779 1797 1
1797 896 0
896 1797 1
1797 989 0
989 1797 1
1798 1669 0
1669 1798 1
1798 1799 0
1799 1798 1
1799 903 0
903 1799 1
1800 813 0
813 1800 1
1801 851 0
851 1801 1
1801 911 0
911 1801 1
1802 799 0
799 1802 1
1802 1803 0
1803 1802 1
1803 832 0
832 1803 1
1803 864 0
864 1803 1
1803 901 0
901 1803 1
1804 970 0
970 1804 1
1804 1805 0
1805 1804 1
1805 775 0
775 1805 1
1806 786 0
786 1806 1
1806 808 0
808 1806 1
1807 932 0
932 1807 1
1807 1808 0
1808 1807 1
1808 219 0
219 1808 1
1809 762 0
762 1809 1
1809 1810 0
1810 1809 1
1810 914 0
914 1810 1
1811 1812 0
1812 1811 1
1812 887 0
887 1812 1
1813 1814 0
1814 1813 1
1813 1823 0
1823 1813 1
1814 1749 0
1749 1814 1
1814 1815 0
1815 1814 1
1815 1816 0
1816 1815 1
1816 1817 0
1817 1816 1
1816 1818 0
1818 1816 1
1817 504 0
504 1817 1
1818 558 0
558 1818 1
1818 658 0
658 1818 1
1818 1819 0
1819 1818 1
1818 1822 0
1822 1818 1
1819 660 0
660 1819 1
1819 664 0
664 1819 1
1819 1820 0
1820 1819 1
1819 1821 0
1821 1819 1
1820 659 0
659 1820 1
1821 661 0
661 1821 1
1821 662 0
662 1821 1
1822 666 0
666 1822 1
1822 668 0
668 1822 1
1823 1824 0
1824 1823 1
1824 1825 0
1825 1824 1
1825 1826 0
1826 1825 1
1827 1828 0
1828 1827 1
1828 1573 0
1573 1828 1
1829 1830 0
1830 1829 1
1829 1832 0
1832 1829 1
1830 1831 0
1831 1830 1
1831 754 0
754 1831 1
1832 1833 0
1833 1832 1
1833 699 0
699 1833 1
1834 568 0
568 1834 1
1835 1836 0
1836 1835 1
1836 1837 0
1837 1836 1
1836 1838 0
1838 1836 1
1837 950 0
950 1837 1
1838 1839 0
1839 1838 1
1838 1840 0
1840 1838 1
1839 1560 0
1560 1839 1
1840 1562 0
1562 1840 1
1841 1842 0
1842 1841 1
1842 1843 0
1843 1842 1
1843 803 0
803 1843 1
1844 1845 0
1845 1844 1
1845 1733 0
1733 1845 1
1846 1847 0
1847 1846 1
1846 1853 0
1853 1846 1
1846 1858 0
1858 1846 1
1847 1848 0
1848 1847 1
1848 1849 0
1849 1848 1
1849 1850 0
1850 1849 1
1850 1851 0
1851 1850 1
1851 1852 0
1852 1851 1
1852 991 0
991 1852 1
1853 1854 0
1854 1853 1
1853 1855 0
1855 1853 1
1854 931 0
931 1854 1
1855 1856 0
1856 1855 1
1856 1857 0
1857 1856 1
1857 860 0
860 1857 1
1858 1859 0
1859 1858 1
1859 1045 0
1045 1859 1
